421.68498698790916       268.31970105009992
316.14459436290377       268.99691319221552
376.99033624107716       321.18664421841407
305.70126226364800       291.19091795188166
401.69915171789097       290.20366239549372
284.10409540982039       278.83708483333839
301.65895697450395       278.14751516028502
160.02330519193433       249.31981081549688
162.07806861224122       174.59715616742000
239.19144341194902       170.31249691129401
534.07449975628197       367.96269229259644
121.29100234659161       206.12955142821110
548.96422926852404       43.135205082653989
489.72450899994953       215.70481704920581
260.38554962156530       293.89191060841370
161.15927938220452       197.03909794436706
161.80568083951621       185.15206072613353
353.15048820013465       320.84099850933097
528.03517763857906       181.73987281219186
354.06738482763234       290.68650961147961
176.23193590300320       193.72040517652951
375.66953633942114       290.64168313011925
351.98533727264146       357.67554673956505
160.20746415259089       257.64499053755418
268.73269244888616       241.94836898296819
584.89051470560162       220.90745309131131
306.60310002417975       321.69829438355038
347.24781625345275       399.34384148935914
583.13349675905238       208.88895342184998
407.75573167599680       28.809330408928069
382.32480128558143       27.316256364631982
327.42994508528574       292.84515447222037
492.23507308836685       41.183851839722820
312.20896468079627       31.923264334261635
253.54803748194715       25.371827902934218
122.26510514852383       188.97336335344264
528.33730247768585       171.34921084907970
506.56701494460367       307.36281403508440
508.99134255601035       207.99492742097405
538.29227166111025       319.60933662583255
268.46789883403909       202.32873378135341
199.08842980567056       223.81426413405603
509.60643040989873       247.28477664740569
127.08976461552608       95.327297112173795
269.24606461195521       397.11347690776336
549.83039985379878       208.50214913092182
491.74450628112299       246.69667800164783
241.38088770057649       71.395568095319462
517.08836547522344       425.99415475702779
521.21004267143712       70.935207591424373
406.48075119251183       388.19851131920825
246.09108628455832       322.62820926423115
336.84734151773102       29.555105862461716
580.52399320012910       170.23032680461114
179.67051279664571       227.31034456942083
397.88730521203468       321.61612453516972
306.19243547296503       439.34663203533802
388.60877611752682       415.31090142504991
220.84961974078325       249.87861873324670
100.94699298892998       274.32556198599082
506.98227368451688       202.67692158641941
423.00334933004808       403.49124923965945
506.95112122296052       180.89588551413658
486.83587101276697       178.92853556401187
453.28546029457704       231.95684534495956
95.032464217388096       216.61208100626976
321.67088305063533       163.76071942217359
418.56612912924226       366.72116825915418
482.68270251620362       236.42761676514218
504.50365144155359       405.88642892664336
449.59896472547575       431.61454263569351
329.87562072243264       322.30123348492168
256.87108003891927       414.79630952018323
147.29892443417836       222.39917674428688
371.35276157899744       238.55710889942247
197.41625767455713       253.09574307706831
136.18008938077992       296.52685836332307
251.08278030714956       305.33503941035195
391.60281356763181       374.40446404352161
400.40657964835867       58.656410991866920
403.61866491122379       255.17074569144532
481.11536658335422       21.218442944427338
391.82691636436215       242.83177069360067
216.18482035855573       315.46278066807668
483.37105990448998       65.579166232513231
491.31492759090617       401.40265171519832
449.15493078518335       376.09596363526913
200.60075354120951       252.14666307277483
220.86270831410698       275.87400347638908
368.25691400439808       242.89455549479422
544.56683455803750       368.02229641942006
532.03817899161243       427.13295287222815
498.42674887061111       67.220466322230948
421.12336217172594       432.69600747567029
163.51399067327625       365.56603587136897
401.27697919432416       50.350322776101279
186.50548536887956       397.77063453980401
489.31744101634575       441.45046561134922
215.73858659144730       404.66562220880894
203.19767466310591       120.99126044271944
393.46133011442640       27.508825007655282
386.57040284250434       432.14657259942010
438.85523191000641       430.96259031885819
360.03050870113111       242.51879295031424
347.90726331143009       422.60410325228008
353.98145668272059       370.03089822377655
562.89028319313570       444.15422108383473
137.43447394171707       86.389550766760095
171.71971445727692       353.51013803490281
299.42437077780141       244.41900176496418
243.37280758509354       426.31453244768943
324.29331965065370       403.43301569676436
336.19866485494003       242.61909279491883
116.30158658688940       414.32446414933861
330.20515062168005       55.729892050979757
216.22436489247764       425.53206529490831
107.32704925227152       345.16923504567166
560.68495410950652       343.14507696932719
116.71959040500468       234.76452445155661
390.43682429512563       53.296858228654983
148.21768245432838       259.93846728774798
436.75650503207601       418.85092233592309
586.59212169425268       369.52414438890338
546.04986415990186       107.66554331513869
182.04199847846635       418.46784139809961
391.73289699317127       137.89070534225647
570.84298714950717       222.11887409619806
148.08850556757449       247.30942413340452
303.59675611701005       141.77433813348932
547.25856868005280       354.53806397906175
421.86926172846182       419.35202265780322
122.82106018549727       370.09233108788311
530.28196561710672       249.00657072399744
279.16732926941501       179.86410099472204
225.24893911290783       116.29562424113958
235.92416089360086       260.30953596000751
523.30551234364316       113.43773182041835
422.13438410465903       417.40366928193623
518.97762420712945       373.48673709306854
323.63544237007636       245.72477733139277
292.13515221552319       404.65918611367726
161.01846507441309       154.72897232350283
251.88293291269264       246.80298992652837
181.91717037227787       332.59945767730801
522.51179968365398       442.48015543883946
230.40879496553052       48.546318971250976
124.45419586746566       396.56343722256094
145.85786650320162       234.22302692372691
320.37260595757607       404.24811415740498