337.24597654949002       262.18476160646230
232.76084094903061       263.19667540887644
292.99744783715471       315.10207908437837
221.91558440088821       285.29635752577667
317.87472833660411       284.27885700824788
200.52865625822437       273.15937737069379
218.05184217687091       272.47835515217997
73.504649847877943       243.05844717369661
75.859239140420001       166.43726163688456
155.27239516849244       163.18693331433221
445.91954128979802       359.31606042038027
33.477688115031810       198.61609282155743
462.33598613123394       42.849266452247107
403.90471016810540       210.78663024287303
176.21320290254255       288.30138044573073
74.981072283639705       189.83413413470481
75.442420826263856       177.65187722713327
269.40380808669573       314.91456956446433
441.08891829531228       177.65924507577861
270.46178905956435       284.47833003910068
90.641041371904720       186.32027015317937
291.46166848736527       284.61438855932181
268.17830877296382       351.74959556818249
73.724941758764743       252.07175171868053
185.13834186720175       236.15844424728812
494.24004759957137       216.06191627554048
222.65161062998499       315.84351628239671
264.02659772027141       393.03588641766390
493.91450166214281       204.86626291687151
325.19568024129717       24.947682466298662
299.92056144453460       22.588137416763320
243.92232081071884       286.65365891941224
407.71755431641895       39.343109408220847
230.29102270219832       25.124912203301562
171.51058581385354       16.389133291871826
34.232786116140680       181.38918291704707
441.28319800664133       167.54730594057560
419.62053742989718       300.38766451302860
422.74293979263410       202.87986414001494
449.55776572759186       312.26749075570717
185.14674504082703       195.76372977434357
114.16861415996092       217.27060655075547
423.17512557430013       241.12324523015610
40.310665868498290       84.127570807315806
185.63401290530240       392.16909123900848
461.54061205814764       203.83025508813901
405.38301926475663       241.19092012932123
157.67064701192257       63.487026641026951
429.29023265723146       415.88211879617484
435.00444179943798       68.928623534938765
322.72636965838933       381.32148174514856
161.24528600522066       317.85253222078939
254.40108468938428       23.234246263872361
490.69690945167252       166.81055512364023
93.781439011865544       220.58874858129693
313.46941167953031       315.28045843413628
221.86372705698446       433.52806482399853
304.72137487832987       408.45254652600863
136.28544213624906       244.03587202767000
11.065605258602261       268.89838203081905
420.39405176965749       197.56627965710672
338.31204407932989       395.11818200800849
420.59412022816389       176.45258365725303
400.58526471629159       174.22848374924865
368.82895385354436       226.72216857809835
5.7532389886290307       209.23483195745476
238.77298281635657       157.44630980602250
334.04895690007402       359.90085214885852
397.13415604170802       230.24877860163627
417.23171550873838       397.09260634258032
364.36088919989254       422.79982196696636
246.67698738335400       316.22328311157094
172.53700964248458       410.24411434739164
60.370967139968592       215.70814956738400
287.89090614475856       232.05944529429343
112.41242652611605       247.04589384195404
48.828962908868583       291.27545013097529
167.28120487256842       299.72122209679793
307.47264703431591       367.42225145350665
317.16097887206422       53.707754041637777
319.63426344924142       249.10884364219868
396.68669250248416       19.925588710743980
308.25671141435947       236.28201215543277
131.10079244030322       310.01081278142533
399.02026012973755       62.447383746604885
404.65583646135894       392.89441989194279
364.21439606173317       368.62567491813883
115.24489051466325       246.69131832312544
136.50032085211396       269.43789104013757
284.96192040487250       236.39998976483787
456.41582116097169       360.02584821300769
444.16807434287966       416.97956925728050
413.25777453568151       64.940404184214927
336.91749428993103       424.74310684195933
76.871648746299627       361.78568793387672
319.38080306676807       45.964028851448482
100.64082513704288       394.11610820375950
402.31374435016482       432.13013457766652
130.94308068504873       400.26854500740490
118.74245725603919       112.85320335642479
311.26480196110651       22.884781543807840
303.01764973753433       424.73109149368275
354.15144289023061       421.98406803720161
277.16488854855015       236.06226205952433
264.53858336584517       415.98333026776987
269.65585439873280       362.97435714144291
471.98583786004099       433.11850778629559
48.966492869641705       76.951817244237489
85.446101272179135       349.19062875354439
215.99782953476281       238.40690652303670
159.43048741148405       421.67745305888479
240.87479511866835       397.19854289254175
253.08020274071396       237.41200455527417
27.248194210668832       412.38719137793578
248.84413003285542       49.948830033977352
131.76082760084105       421.71507864641666
18.128629948708017       341.14508903754376
472.79398500423491       334.97535877620248
28.688415357280014       227.67435728735717
308.23141772279303       49.193879827241211
60.490811231929861       254.34158003717113
351.39858665713825       411.26989284908700
495.27847405129313       359.83392550916432
458.31058138807759       105.82584413458511
95.950814547929284       416.06830058830593
309.23359992083999       132.80246203130434
482.43603915488330       217.75381540442783
60.708100996778143       240.39746700523969
220.27500290817028       135.30918137506532
458.26091777559913       345.65838739599729
337.56704706743614       412.40303387187589
33.925877034754897       366.33869995565351
442.40277954465751       242.80555073084324
195.96038094623466       173.39701912480706
140.81297670695108       108.81570607785640
151.89868426971304       254.58490128142290
436.87175802849572       110.89139447272835
338.16829560137364       410.60015692855018
431.39387556171113       365.58547563827773
239.64061846578917       240.77419363503148
207.86750800644580       399.40536984184882
74.203029885300367       147.05861885188136
167.26415636447089       240.40676751446989
96.051071805618051       326.95262280788205
435.24206932705192       432.27627677406940
148.14200664922723       39.424192743490522
36.270247825308005       394.82908810872624
59.180404850062523       227.13706274392445
236.16761695147366       398.58483335131979