1.016600756300328499e+03 2.343298372380585022e+02
7.084069784938257044e+02 4.303183917383462926e+02
9.157608436794034787e+02 1.516654643042052726e+02
9.079700350553821409e+02 1.521139076301128910e+02
6.319153283012149132e+02 2.183013523219803176e+02
2.983891779147453462e+02 4.063217220648045327e+02
3.245916202474068655e+02 3.526834375234155914e+02
7.545424991810215261e+02 4.216169236131643174e+02
5.781377859846257934e+02 3.087385191998580467e+02
2.530667074800732763e+01 2.038147136246232662e+02
3.408886851763208483e+02 3.116698530286396362e+02
7.246113270412818110e+02 1.849390618449318140e+02
5.783261268378983004e+02 3.245374383188907927e+02
2.981737717567564800e+02 3.863995476611207209e+02
9.971066609501547191e+02 2.370243269702750695e+02
1.405656932504788301e+02 2.494837015873819155e+02
6.471008577931570471e+02 2.869478413923025073e+02
2.953252880234744566e+02 4.123758561662019133e+02
2.970798073937901336e+02 3.326795493511472159e+02
4.863821338776363064e+02 3.970889850712369480e+02
2.942074332582642455e+02 4.360367217410886269e+02
5.531778664803608763e+02 3.812491879097064498e+02
5.533798150413418853e+02 3.848442021114908584e+02
7.241604266370723053e+02 1.893459006312252200e+02
6.239186665591294059e+02 3.239230708355473780e+02
9.812133364177297423e+00 4.145538554162883997e+02
2.202416712235594218e+02 1.857991106759406534e+02
5.334811074556457697e+02 1.912128402181031674e+02
6.722952908566107908e+02 2.977194891224303888e+02
1.002376784346350860e+03 2.028941437983644107e+02
2.767518982834492363e+02 2.998992755542740838e+02
5.822509305050299417e+02 2.910544647866813079e+02
4.859022412132882209e+02 3.575008263858418900e+02
5.814765020124968942e+02 3.397215003810547955e+02
2.371435392942912586e+02 3.337933217815639750e+02
9.390583367562924195e+02 3.434775239556107636e+02
8.654189332612422731e+02 9.057654602079051642e+01
1.497308179116138547e+02 8.966411903758265112e+01
6.261591885392956556e+02 3.236957540192379952e+02
2.075330123208917854e+01 8.365486398538278934e+01
2.213256884353054943e+02 2.988982159931666729e+02
4.650418333940277762e+02 2.711412180532492471e+02
5.725238259686606170e+02 2.914446014174690163e+02
2.472109695391011144e+02 3.657762724782992336e+02
4.331913167022020161e+02 3.019752955021867820e+02
5.700917395420904086e+02 2.892324101198067865e+02
7.755610999403902497e+02 3.947254205173583159e+02
4.790489239575452984e+02 4.083182355036969966e+02
1.454487504784681207e+01 2.123433900485558752e+02
6.274295657552627290e+02 4.398044041914702120e+02
8.568451083078609827e+02 2.838329531168419066e+02
7.099633421841288055e+02 2.550584389823569609e+02
2.970724484540018011e+02 3.114148016397733727e+02
6.396109321152551956e+02 2.838929118004546126e+02
9.943548431020349199e+02 3.757535335632142051e+02
5.533341928110543222e+02 3.968681535266164246e+02
5.595137299776092732e+02 4.381709177480629478e+02
6.690182919645037600e+02 2.975470580126357731e+02
8.916522451438245298e+02 1.577804301578501907e+02
6.780269563662192240e+02 2.976330364085778228e+02
3.414896858411448761e+02 3.570699699460371903e+02
2.356194103273848270e+02 4.915622677487904184e+02
4.769947102036605315e+02 2.363247440121581633e+02
2.975517725174465227e+02 3.568324126083202259e+02
5.697046820879738789e+02 2.843927454670865700e+02
5.153786122989203022e+02 4.281207619938397784e+02
3.190606505448689632e+02 3.128845748755229010e+02
2.901259115603887722e+02 3.576334686814333281e+02
8.566996118000148499e+02 2.911334838142549870e+02
3.516971689312230751e+02 3.575913193522928282e+02
6.858671384262361244e+02 2.683308161806568819e+02
6.732707385995616960e+02 3.251810849951263549e+02
1.577037603147344953e+02 9.502774598061654387e+01
6.273441508252225276e+02 4.292979052621222422e+02
4.316061161594877262e+02 1.827609263301799842e+02
2.801472377172443089e+02 3.337304028861185543e+02
4.986582072048539089e+02 2.847479055194264674e+02
5.482472863552745821e+02 2.843869457509796348e+02
5.822582566138810307e+02 2.817377436116993294e+02
5.126099049268873387e+02 2.916738252967790572e+02
1.343662668324113874e+01 2.029763408619630241e+02
4.952385349414069537e+02 2.351605328678635942e+02
6.859105652139573976e+02 2.439726358465410669e+02
8.237059644354496868e+02 1.630033028270311490e+02
4.002331592975052672e+02 2.297941029094466501e+02
5.427595802023741953e+02 2.976228171575831425e+02
6.755136446674219997e+02 1.000193146029834992e+02
7.938899369776917183e+02 3.801674471603469669e+02
5.728852855310972245e+02 2.808743734081620005e+02
8.964724811033134984e+02 2.126725198763740252e+02
5.984201941879598508e+02 2.903489937818155227e+02
5.343125304005091039e+02 2.839104496792327268e+02
3.121628274910685263e+02 2.295057787635666102e+02
6.310463445146692720e+02 2.106359854605298096e+02
6.997933948042851853e+02 2.187430690292958388e+02
3.578526313338211366e+02 3.842181751756869517e+02
9.882081917032566025e+02 9.590649185168776114e+01
6.862075740326242794e+02 2.769114678259277298e+02
5.104996930451566755e+02 2.953729003157607167e+02
3.644601566327620503e+02 3.594924290425300910e+02
8.557604519097803859e+02 5.505784094798793831e+02
1.873995918860588858e+02 1.867843497159151980e+02
6.039346150081884161e+02 2.388063559757987377e+02
6.224391828017309081e+02 2.319956667892882649e+02
5.574194346932595181e+02 3.326276426778908899e+02
6.601359867811756885e+02 2.958627399166154532e+02
5.926778281528352181e+02 2.321884292412783850e+02
5.823399869891868974e+01 6.244735644556870113e+01
4.648805020146297124e+02 2.529945993094389678e+02
4.418758546869009365e+02 2.811673950426346096e+02
5.532584951861911122e+02 3.385164528525717742e+02
8.870493382191355067e+02 1.119882151216430088e+02
2.825575815086088483e+02 3.561589436416260810e+02
6.597550138923206475e+01 5.839056156351038140e+01
7.100079978526180184e+02 2.692015224455640805e+02
5.606295732817181943e+02 2.893962564962649822e+02
2.541522642442290021e+02 1.747635844526915889e+02
6.086302074163527323e+02 2.824462105514593304e+02
4.860601019857418237e+02 2.344450867757271340e+02
2.902057384922663914e+02 3.655244860519103440e+02
6.662584808956075904e+02 1.942928980236243888e+02
4.688401430891073574e+02 2.999544010254799673e+02
6.013346342923846350e+02 2.951773031044305640e+02
1.065342898648205647e+02 8.527581684226004199e+01
6.500504076689582007e+02 1.218752172801346063e+02
3.874623919091434345e+02 2.607870314407584260e+02
5.549292808883425323e+02 2.824655629770317660e+02
6.858830067039727965e+02 2.957436177859008808e+02
4.643599466625814216e+02 2.384348195181537449e+02
4.504536386801673586e+01 3.635676749421308500e+02
2.377930305776926190e+01 2.119554571660711417e+02
4.200892284016271674e+02 2.507278708878647251e+02
7.617696525265014316e+02 2.989100041880894878e+02
2.895877131456530265e+02 3.125622777935346903e+02
6.234474976264039014e+02 2.825131055304815959e+02
1.199713359475713617e+02 9.850339363256350111e+01
6.673830719581542326e+02 2.337175223024855768e+02
5.418556642112773716e+02 2.825928302093856246e+02
5.535750717964085652e+02 2.324598017366109275e+02
7.066364234061251182e+02 1.942115224775135118e+02
6.235737853879452359e+02 1.886297118577588208e+02
5.271238731436510534e+02 3.980264090378225887e+02
8.361701344195483898e+02 3.817361065820612680e+02
1.659696726920618062e+02 1.004386383730103631e+02
1.096581656559163243e+01 2.766177707125493725e+02
4.519475079095315095e+02 3.008375994624296368e+02
9.359657726195520127e+02 2.117872313204398722e+02
5.264778416452827514e+02 3.858395673243031752e+02
3.220103865645516521e+02 2.273644550922810197e+02
4.159681612037877585e+02 2.261835442153733879e+02
2.447551825075708791e+02 2.270045187000136764e+02
5.980458105507749877e+01 2.289269810025943741e+02
1.011259241203013516e+03 2.011800458894354335e+02
7.123288907808483827e+01 5.092869990292523852e+01
5.568985023297906309e+02 2.321717533193136376e+02
7.213938811617722422e+02 3.057087614044852444e+02
6.285464256398328189e+02 2.831055025017936941e+02
9.112129956188641700e+02 4.225472542025422626e+02
4.994134196727455333e+02 2.903236498540066464e+02
5.610013358890536210e+02 3.962763725512111819e+02
3.529185207003972096e+02 4.096883888108196174e+02
2.359169050723550924e+02 3.673652788020651201e+02
4.347334488353261577e+02 2.101557602027424139e+02
7.256631050915860897e+02 2.206461129824820091e+02
9.474671031817617006e+01 5.525538849915607642e+01
2.665805105688664298e+02 2.272577936253528037e+02
3.874913566969985368e+02 2.977738233386110664e+02
3.626001262650090666e+02 3.685352520189272241e+02
7.883721618592386449e+02 4.004729168054506090e+02
4.208712356073482397e+02 2.409335290450228229e+02
5.149583359318446583e+02 2.350084047500375846e+02
1.350881077801186905e+02 4.615021936721644238e+02
5.490116848296892158e+02 2.939118865493955468e+02
6.857712173888272673e+02 2.353977678844075569e+02
9.965842372821466597e+02 3.143409642063446654e+02
4.482666317297656633e+02 2.381577457360210985e+02
1.768501514671117150e+02 3.217430651728839734e+02
2.099946636612557143e+02 2.985860857888055762e+02
5.178074238578509494e+02 2.397058220500340440e+02
2.986875952000115149e+02 2.933953501836861051e+02
4.187836435461810538e+02 3.102676501883956348e+02
3.469899690839622508e+02 3.950742031087469286e+02
2.543237778423332998e+02 3.340614888839230048e+02
3.995348209988407717e+01 3.568424423266122290e+02
6.194411873353469673e+02 2.827964339996332797e+02
2.448952997109361718e+02 2.906504071108831795e+02
4.942332481465546721e+02 2.951829864483782444e+02
5.623191438209497619e+02 2.834571754415012492e+02
9.459664215468618522e+02 4.316129009223135995e+02
2.166067711568233278e+02 2.263139592843648131e+02
8.444917800000712305e+02 4.211604398121831991e+02
4.203708939642896212e+02 2.563767303918242533e+02
4.708196752513331518e+01 8.656600567901303123e+01
3.835489529200144148e+02 1.643309659210323161e+02
9.837019383304094617e+02 2.641936988302742861e+02
1.002849230811756684e+03 2.997552682202511960e+02
3.589729012015340572e+02 3.907709944263174862e+02
4.515841308016681523e+02 1.581548402643843758e+02
8.605474214550409897e+02 1.482032141931117053e+02
6.221432394889791340e+02 2.887311978125804899e+02
2.939873019451102891e+02 3.008772534003514352e+02
2.905394372348561092e+02 2.066348992085015368e+02
2.541542193996274364e+02 3.522421212369716841e+02
9.606476809609746397e+02 2.828015106841511397e+02
8.063740383506639091e+02 4.489154686749351413e+02
6.142326730867340530e+02 2.105003515346288339e+02
8.485685174110905109e+02 2.835255132832066920e+02
5.659666274634970762e+01 9.279423037564816923e+01
5.137033624737715627e+02 3.860507373581407933e+02
9.166820430811991400e+02 4.333482456806855225e+02
8.877290667752981790e+02 3.947844988967398194e+02
1.006379692241458883e+03 3.101056336090670698e+02
2.596600478481018399e+02 2.975604250289910055e+02
8.753705977967680383e+02 5.007134796511107311e+02
6.461433958682866319e+01 7.845189529029788389e+01
6.619657726214094282e+02 2.339819611243653696e+02
8.644661561203926112e+02 1.895734027563075870e+02
9.777318524070528838e+02 3.138171459192949442e+02
9.761774786967750970e+02 2.936253039809216716e+02
7.329894490768847390e+02 2.369261575542962817e+02
