9.825115084712787166e+02 3.003042468682674553e+02
6.966208596169866496e+02 4.994471928875695994e+02
9.159024129906935059e+02 2.166531480647839203e+02
9.079988734005116839e+02 2.172410533663760646e+02
6.066267796413467295e+02 2.882392628978032576e+02
2.914592523876086716e+02 4.712183110139334303e+02
3.170769370993309053e+02 4.198488695672846802e+02
7.344013918927480518e+02 4.908754339739720649e+02
5.652532634735848660e+02 3.775913221068892085e+02
6.442042780228180732e+01 2.758558430133662114e+02
3.339322710912960588e+02 3.805511853640155095e+02
7.286026011058446556e+02 2.533074617301393801e+02
5.654184664540545100e+02 3.929927362069614105e+02
2.913779691630754769e+02 4.522754091637571037e+02
9.645527180883267420e+02 3.031338953676243477e+02
1.368796340354046777e+02 3.212778056256361197e+02
6.190516859064658775e+02 3.550243446949361896e+02
2.882715765059128330e+02 4.773743823125488461e+02
2.403716507181001703e+02 3.997606082977450228e+02
4.756372172385095496e+02 4.648740737964241703e+02
2.365008989851660601e+02 5.012209052039532935e+02
5.413769705037173026e+02 4.494032646353974201e+02
5.415586001126506517e+02 4.528870355302326516e+02
7.285686999467774285e+02 2.587968434219749838e+02
6.089398531010973556e+02 3.920512213201571399e+02
1.992620986870316813e+01 4.754561209310704157e+02
2.172306387146982729e+02 2.607802526081812857e+02
5.414893762329028277e+02 2.610271546155069018e+02
6.544713230616166584e+02 3.668713553825771214e+02
9.690258536740414002e+02 2.687572614188680973e+02
2.628809955274110166e+02 3.689763046477104922e+02
5.540860437894808683e+02 3.603491540261973114e+02
5.127192820339146238e+02 4.251459038669401593e+02
5.684116370575843575e+02 4.084092662769691060e+02
2.320282847738669432e+02 4.007371393431466231e+02
8.127493970902532965e+02 4.140977867410837803e+02
8.836821486004668031e+02 1.555667828655992366e+02
2.165414802969087305e+02 1.652455722997962937e+02
6.112929610279722965e+02 3.920959097127687301e+02
8.579866285277975635e+01 1.639928766372021585e+02
2.083964687649655900e+02 3.679343996745261620e+02
4.440459362597530344e+02 3.411169409036043589e+02
5.445610418232673737e+02 3.607864635846664214e+02
2.411080792525487198e+02 4.319943094135202273e+02
4.431866954832971146e+02 3.690419363410405822e+02
5.421403754196295495e+02 3.587800568236167464e+02
7.574769909953777187e+02 4.638868436593274396e+02
4.686698709369482003e+02 4.751732400718963163e+02
5.472514021472166945e+01 2.848075573559686404e+02
5.084164710527225566e+02 5.055957388369659498e+02
8.249127922080367625e+02 3.519080790712388875e+02
6.598052747183652400e+02 3.230155532346676637e+02
2.912525251710661678e+02 3.797495574332645560e+02
6.119334777503765963e+02 3.524597016937333933e+02
9.687133124112125415e+02 4.457645256733433143e+02
5.414045177739803876e+02 4.642121195358687942e+02
5.475306207797484603e+02 5.052216350087465457e+02
6.371179234722790170e+02 3.664079124611388920e+02
8.711627243086533099e+02 2.237727249691065765e+02
6.742850248163044853e+02 3.668147783132631048e+02
3.341295885795010463e+02 4.240639075567512464e+02
6.282959616924379986e+01 5.468659292834030339e+02
5.055929949195709128e+02 3.043563472176873574e+02
2.910402421935551160e+02 4.238603888208107833e+02
5.411830953523244716e+02 3.532747493692804710e+02
5.036442032992204645e+02 4.951215070418739401e+02
3.129608675737647445e+02 3.819387298405002298e+02
2.835579907328657896e+02 4.245540325090133251e+02
8.246735081396260512e+02 3.591986621849333119e+02
3.435834261098571574e+02 4.246619011965967161e+02
6.599382141826072257e+02 3.374019513871905360e+02
6.569491816022805324e+02 3.947594709903160037e+02
2.253795875976568652e+02 1.714043632872449905e+02
6.124113573995035722e+02 4.972940607849843104e+02
4.434086353351200955e+02 2.558169903773544149e+02
2.745819572656388914e+02 4.015823475193149079e+02
4.748217817647763468e+02 3.543072714476310807e+02
5.213428367504949392e+02 3.540740106031272489e+02
5.541562153767731616e+02 3.511944272820980473e+02
4.871120785584461714e+02 3.611099853854601065e+02
8.204158229551697445e+01 2.767084641394661162e+02
5.112593219907365665e+02 3.043085939254631285e+02
6.849035784183647593e+02 3.138417682616437219e+02
8.058748744898834957e+02 2.305806376509316920e+02
3.952016438115436472e+02 2.991234842264496478e+02
5.439179378024748530e+02 3.668195706640434537e+02
6.838559758544961369e+02 1.693615452965285044e+02
7.744582046689413346e+02 4.492237925753819923e+02
5.447925505516731164e+02 3.503742741223461508e+02
8.703797463245251720e+02 2.799549253094734809e+02
5.697696269242800327e+02 3.596765732614697981e+02
5.076123843119405024e+02 3.537332909882722447e+02
3.064347291600049630e+02 3.014794442651844406e+02
6.066273132460821671e+02 2.809152039525179134e+02
6.783129813102236767e+02 2.874864397301970484e+02
3.487655956659131107e+02 4.503695236704852505e+02
9.704164683369172053e+02 1.594619149591486575e+02
6.600003171795426624e+02 3.458667074510759107e+02
5.213744845577383558e+02 3.647225548071472758e+02
3.563428118056180551e+02 4.266807306532523967e+02
7.743431445001522206e+02 6.248481724154815993e+02
1.926566927795484787e+02 2.610142928649487430e+02
5.759658920391198080e+02 3.089959279337311386e+02
5.843830879674031848e+02 3.019928212778698935e+02
5.454853804305562335e+02 4.009703658015166639e+02
6.600612692441724221e+02 3.646642053437078630e+02
5.889932028771663681e+02 3.021814648427359202e+02
1.268481233514324202e+02 1.420060303302850571e+02
4.226237119779680711e+02 3.248504841439555548e+02
4.044411438739646201e+02 3.523599681581078471e+02
5.411170871420042658e+02 4.070009248775619426e+02
8.740019200057803346e+02 1.775894462102349110e+02
2.767838035826014220e+02 4.235890321441247579e+02
1.348956279033122883e+02 1.382576620508268093e+02
6.050039426152305850e+02 3.370213701725285205e+02
5.322772458298591118e+02 3.591599647363561871e+02
2.551013648730235559e+02 2.490451532277248532e+02
5.791308947737220478e+02 3.516584374069462342e+02
4.630266941293088507e+02 3.052810241834288831e+02
2.836147859074257553e+02 4.319240798902664551e+02
6.629830632932098524e+02 2.611621280656809745e+02
4.467994971831951716e+02 3.687302114466703529e+02
5.245308784812187923e+02 3.655620901288001505e+02
1.719867174002243644e+02 1.621131973899229308e+02
6.441776106543925380e+02 1.924639423174525916e+02
3.779700030617900666e+02 3.308198767019993056e+02
5.272847564812450400e+02 3.514796031954379600e+02
6.319348471407201941e+02 3.645952009976079466e+02
4.433630975373557135e+02 3.093171236859283226e+02
2.714394675952544134e+01 4.283590676127581673e+02
6.267283903470107731e+01 2.855786428777023502e+02
4.042771892080194220e+02 3.213185677398813027e+02
7.343703473365013679e+02 3.674962561610190050e+02
2.840795328100795132e+02 3.816612516809843214e+02
5.947665515073330198e+02 3.516391376619508264e+02
1.827052539305329901e+02 1.757560297250327039e+02
6.636708188700990831e+02 3.034818236699883869e+02
5.149098808079335186e+02 3.518570866205980678e+02
5.544624671075952165e+02 3.029460734911875193e+02
7.152337256870223428e+02 2.622173339988452767e+02
6.295598926274146834e+02 2.583466326459124502e+02
5.157816971294123505e+02 4.654183902651619746e+02
8.163722671972053604e+02 4.507235742496812918e+02
2.330849746332283701e+02 1.763263957823340888e+02
3.294923123330596582e+01 3.455848081391400228e+02
4.208529566187378919e+02 3.709862542545410520e+02
9.077595039405149464e+02 2.777833949665867976e+02
5.146619546349409120e+02 4.531128658404604153e+02
3.160900874866844674e+02 2.999236881199358891e+02
4.099950727337369472e+02 2.974180875531155266e+02
2.342794952655254690e+02 2.999778627688199890e+02
8.340369563835342603e+01 2.997338244069348434e+02
9.787832816335102279e+02 2.669867401231310282e+02
1.403047145156187696e+02 1.316609064794439803e+02
6.498066860964167972e+02 3.024456121982794343e+02
7.037028325168685114e+02 3.743640744520819794e+02
5.999244094899584070e+02 3.520554249934218092e+02
8.534364136936508203e+02 4.923665892431056932e+02
4.751045286064037896e+02 3.598542538414187675e+02
5.485578299884878106e+02 4.648383150217015896e+02
3.415857576078196303e+02 4.754529415125782066e+02
2.316753452857998354e+02 4.338844955962276231e+02
4.469765786912269618e+02 2.782658501471007639e+02
7.082418099559425855e+02 2.899727472563795345e+02
1.599735597883203866e+02 1.346207089748100998e+02
2.624551874630131465e+02 2.996540862417733138e+02
3.778784445551058866e+02 3.665039254660821939e+02
3.545919329179185411e+02 4.357183970736829224e+02
7.668976070862639745e+02 4.694762248867992867e+02
4.308282204181314228e+02 3.086912359479480870e+02
4.841824602325772844e+02 3.060783050184516583e+02
1.951151236315632076e+01 5.177570426268745223e+02
4.893124305596164163e+02 3.636713661395219788e+02
6.766394266263880581e+02 3.051851784516692874e+02
9.162524153334995844e+02 3.830855023019934151e+02
4.632936936738400959e+02 3.065773300779738406e+02
1.476052148140153122e+02 3.899865284192657100e+02
1.965251195056652875e+02 3.678620408940106472e+02
4.919666193597310553e+02 3.107354535640058657e+02
2.847237151057434517e+02 3.621193693507241278e+02
4.108724386318614279e+02 3.786732501796260522e+02
3.386509532562732829e+02 4.620413971731106813e+02
2.487373696258688653e+02 4.012477519312613481e+02
2.201162408399268955e+01 4.202848736289201383e+02
5.900642351860832377e+02 3.526018903594148242e+02
2.319607384285546345e+02 3.598408741724450124e+02
4.706331138742109488e+02 3.655248125585221146e+02
5.352702798028104780e+02 3.536704834015573624e+02
8.767004849204764696e+02 5.025165448275849940e+02
2.131298151875399185e+02 2.988999127238218421e+02
7.893137792452445183e+02 4.910774056754127059e+02
4.047056075442716292e+02 3.269329480232844958e+02
1.158124977889583818e+02 1.644491754283357636e+02
3.735783997563938215e+02 2.381887986724221378e+02
9.057097822558713460e+02 3.321350571524389466e+02
9.238897413643619529e+02 3.687989597305845564e+02
3.507517958458691396e+02 4.569959722544287501e+02
4.255614384098525420e+02 2.295371900666003455e+02
8.423712342603213301e+02 2.151639609179396757e+02
5.945060834853484266e+02 3.582204909425022947e+02
2.228615233327090834e+02 3.691304037272852838e+02
2.963378321706659335e+02 2.791010711157024389e+02
2.986798396224115777e+02 4.192691374127942936e+02
8.825813481462856771e+02 3.513540975391180154e+02
9.220915364327873931e+02 5.269689116129218291e+02
6.194180232418777905e+02 2.816400986656067289e+02
8.162904549036406934e+02 3.521257888982586906e+02
1.247380489669282895e+02 1.708848351336359315e+02
5.024034086603126639e+02 4.535239893331254279e+02
8.345707607726106971e+02 5.049634400661381051e+02
8.120077752790037948e+02 4.637307489148469131e+02
9.282604642607301457e+02 3.793137644132393689e+02
2.453058947699917951e+02 3.676242847977265455e+02
7.890269984793191043e+02 5.735547673471758117e+02
1.319037978877018418e+02 1.563504074597754254e+02
5.452766243008977654e+02 3.030684260842009508e+02
8.549029117499882204e+02 2.554093718624090457e+02
8.987662353032460487e+02 3.834420589331120937e+02
8.982573195238535391e+02 3.614101414096989515e+02
7.107331188264187176e+02 3.058243517020102900e+02
